沈黄孟  1000000  68  222  77  113  444
姚孙邵  1000001  68  211  79  128  444
戴戴湛  1000004  110  153  110  119  492
张韦毛  1000002  68  222  77  114  444
吕岑滕  1000005  110  203  98  111  522
蒋谈和  1000006  115  287  58  85  545
卜安齐  1000007  63  262  69  93  487
章邬费  1000008  150  121  146  108  525
窦花朱  1000003  144  123  122  110  444
彭王袁  1000009  71  255  58  122  506
张韦毛  1000002  68  222  76  112  444
冯穆谢  1000010  81  246  125  103  555
柏鲍于  1000011  142  191  124  96  553
施窦毕  1000012  67  299  100  91  557
郝褚费  1000013  134  284  121  81  620
苏尹陶  1000014  73  300  141  138  652
元沈尹  1000015  72  253  119  130  574
曹戴许  1000016  81  278  99  115  573
戚成柳  1000017  138  222  53  137  550
苗葛臧  1000018  108  223  99  103  533
毕邹郝  1000019  83  267  119  104  573
鲁乐茅  1000020  108  112  80  96  396
陈尹褚  1000021  111  236  79  138  564
鲁乐元  1000022  78  153  112  133  476
薛黄李  1000023  85  132  65  139  421
邬伏水  1000024  57  212  54  80  403
计康米  1000025  124  198  71  83  476
施余戴  1000026  114  269  100  98  581
费皮安  1000027  63  156  145  118  482
苗苏王  1000028  140  150  136  102  528
窦毕戚  1000029  88  109  145  92  434
尹苏和  1000030  141  274  127  114  656
孟华庞  1000031  72  250  115  94  531
孔史苗  1000032  129  190  56  117  492
戚安乐  1000033  87  267  104  117  575
成傅余  1000034  121  219  103  124  567
昌奚秦  1000035  83  235  143  122  583
冯金齐  1000036  50  190  69  116  425
鲍窦时  1000037  51  100  134  84  369
贝韩常  1000038  121  160  109  87  477
钱窦狄  1000039  91  222  71  129  513
禹余施  1000040  113  238  115  124  590
窦凤曹  1000041  123  273  55  128  579
顾时姚  1000042  137  271  118  96  622
傅郎邬  1000043  92  130  134  125  481
戚廉水  1000044  80  183  74  102  439
孔卜傅  1000045  150  153  117  108  528
伍薛元  1000046  102  140  146  100  488
苗方苏  1000047  59  104  147  91  401
余严姜  1000048  95  152  126  118  491
陶何郝  1000049  114  272  95  102  583
赵邬黄  1000050  140  143  144  116  543
苗廉李  1000051  65  257  63  92  477
成时和  1000052  118  172  147  112  549
喻贺戴  1000053  124  262  120  97  603
李费赵  1000054  134  103  119  94  450
俞卫许  1000055  75  114  97  93  379
吴乐朱  1000056  91  105  59  134  389
茅廉苗  1000057  150  278  97  112  637
祁花马  1000058  88  203  136  86  513
俞倪陈  1000059  145  249  76  134  604
于和元  1000060  75  139  131  98  443
花苏邬  1000061  92  234  80  112  518
米潘卫  1000062  87  190  101  130  508
穆孔喻  1000063  66  165  105  111  447
卜李水  1000064  112  217  131  117  577
庞奚郝  1000065  62  231  102  88  483
李毕明  1000066  93  139  119  95  446
倪毛卜  1000067  54  237  59  132  482
吕茅朱  1000068  81  105  80  128  394
凤雷毛  1000069  79  119  139  119  456
昌萧邹  1000070  75  295  150  89  609
昌何米  1000071  75  287  78  138  578
水成顾  1000072  138  293  132  138  701
穆孙姜  1000073  93  113  68  127  401
华计云  1000074  97  243  138  129  607
殷鲁张  1000075  126  232  65  122  545
常薛湛  1000076  58  147  57  109  371
岑酆殷  1000077  81  128  80  87  376
伏毕祁  1000078  83  299  125  87  594
费倪和  1000079  86  171  83  130  470
陶米戴  1000080  65  165  84  137  451
邵邵时  1000081  82  259  113  129  583
孟于杨  1000082  98  224  146  82  550
余姚施  1000083  93  168  125  129  515
唐尹孔  1000084  51  205  138  122  516
杨姚凤  1000085  80  237  65  81  463
伍施宋  1000086  115  100  79  115  409
李钱毕  1000087  56  110  65  108  339
计费费  1000088  84  182  123  106  495
狄云明  1000089  105  207  94  114  520
褚许岑  1000090  97  272  58  90  517
昌华云  1000091  58  217  54  105  434
计姚滕  1000092  97  278  88  91  554
唐戴钱  1000093  149  204  123  88  564
姚常萧  1000094  123  243  113  112  591
成陶柏  1000095  110  287  112  126  635
王伍苏  1000096  65  263  119  125  572
皮邬韦  1000097  133  195  130  132  590
禹时常  1000098  57  208  80  127  472
岑黄明  1000099  116  181  94  87  478
滕狄柏  1000100  113  172  105  86  476
邬戴尹  1000101  66  164  123  107  460
郝杨云  1000102  75  262  141  127  605
倪穆穆  1000103  147  281  121  136  685
吴祁柏  1000104  72  180  98  125  475
陶殷米  1000105  119  125  104  81  429
施禹计  1000106  58  256  78  136  528
吴施姜  1000107  149  174  93  115  531
卜明唐  1000108  121  258  103  121  603
谢柏赵  1000109  134  207  62  93  496
沈邹伍  1000110  140  259  101  98  598
郝廉殷  1000111  122  106  69  83  380
王穆宋  1000112  104  148  64  132  448
贺何吕  1000113  110  236  86  86  518
狄冯唐  1000114  126  210  113  137  586
罗严平  1000115  139  143  148  112  542
郎秦吴  1000116  82  143  67  119  411
祁穆王  1000117  93  279  140  87  599
齐任苏  1000118  54  217  116  113  500
倪戴孙  1000119  92  262  68  115  537
雷孙邬  1000120  65  247  129  111  552
韩许谈  1000121  94  204  59  131  488
郝祁张  1000122  132  121  89  128  470
卞于于  1000123  150  130  81  125  486
冯郝元  1000124  110  203  135  84  532
褚郎邹  1000125  77  130  147  98  452
岑康康  1000126  100  117  125  128  470
于宋毕  1000127  96  105  148  136  485
毕柳赵  1000128  71  183  144  117  515
顾朱俞  1000129  72  162  78  103  415
王汪卞  1000130  105  208  52  104  469
韩柏陈  1000131  128  106  125  80  439
柳邹罗  1000132  82  199  74  132  487
姚李萧  1000133  92  175  68  96  431
卫郑廉  1000134  120  225  143  134  622
施范于  1000135  104  282  120  134  640
米戴柏  1000136  140  228  93  138  599
彭唐陈  1000137  89  174  139  123  525
卞云伏  1000138  139  111  58  124  432
章袁章  1000139  85  202  89  95  471
宋廉唐  1000140  55  137  137  98  427
贝李成  1000141  145  200  118  118  581
何殷乐  1000142  50  106  136  106  398
褚曹柏  1000143  129  239  62  92  522
米谢齐  1000144  79  166  62  102  409
贺任范  1000145  80  166  76  81  403
苗尤和  1000146  135  140  58  118  451
康谈卫  1000147  64  104  114  125  407
卜明谢  1000148  142  280  140  91  653
顾潘廉  1000149  106  132  69  93  400
顾殷孟  1000150  104  299  97  134  634
祁臧伏  1000151  130  184  50  94  458
喻魏唐  1000152  113  160  108  94  475
祁马吴  1000153  120  185  115  84  504
齐韩马  1000154  83  293  54  114  544
卜韦顾  1000155  119  212  127  119  577
毛滕唐  1000156  87  116  91  130  424
湛常罗  1000157  148  124  98  115  485
祁马廉  1000158  70  100  128  107  405
金水惠  1000159  99  181  146  125  551
郎窦殷  1000160  106  263  71  100  540
褚吴臧  1000161  95  269  133  96  593
潘毕张  1000162  78  235  81  90  484
袁罗魏  1000163  110  207  54  134  505
沈潘殷  1000164  70  130  100  132  432
元魏吕  1000165  82  300  59  102  543
王安水  1000166  99  136  88  129  452
鲁汪郝  1000167  84  242  100  105  531
陈华吕  1000168  104  216  99  81  500
乐彭郝  1000169  78  236  139  117  570
祁酆范  1000170  127  290  56  138  611
韩柏柏  1000171  116  129  78  90  413
马苗鲁  1000172  123  148  149  96  516
孔袁邵  1000173  72  126  127  138  463
贺祁元  1000174  142  127  90  129  488
陈茅云  1000175  94  157  85  110  446
宋郝陶  1000176  84  123  121  101  429
窦皮昌  1000177  99  138  123  90  450
安齐韦  1000178  128  151  58  84  421
和喻顾  1000179  146  130  106  139  521
罗殷孙  1000180  87  227  131  122  567
李岑成  1000181  126  148  53  109  436
薛惠乐  1000182  105  211  150  125  591
廉平王  1000183  51  170  60  106  387
周鲁卞  1000184  129  216  108  127  580
余茅曹  1000185  114  191  75  81  461
鲁宋贝  1000186  92  215  74  103  484
喻狄萧  1000187  115  274  131  122  642
李费殷  1000188  61  141  134  86  422
苗葛唐  1000189  122  134  67  96  419
周昌穆  1000190  79  264  55  116  514
郝吴毛  1000191  117  146  130  88  481
顾伍郑  1000192  136  230  61  135  562
谈宋祁  1000193  87  148  146  87  468
岑施邬  1000194  131  272  62  90  555
郑张萧  1000195  96  255  70  94  515
章贝孙  1000196  140  272  119  139  670
谢祁雷  1000197  110  296  96  117  619
姜朱吕  1000198  116  144  65  80  405
水于米  1000199  115  180  121  120  536
唐华奚  1000000  113  136  121  120  490
方王毕  1000001  126  299  90  111  626
姜常曹  1000002  83  133  53  102  371
乐罗赵  1000003  105  166  107  125  503
秦潘陶  1000004  97  269  117  103  586
范雷惠  1000005  123  253  149  131  656
齐湛曹  1000006  63  216  145  138  562
鲍汪窦  1000007  149  148  79  133  509
华冯窦  1000008  79  108  138  92  417
郝葛周  1000009  145  142  58  133  478
余吴惠  1000010  141  272  122  113  648
韦倪王  1000011  109  148  129  134  520
计杨戚  1000012  142  195  104  94  535
云严袁  1000013  93  196  111  127  527
尹秦潘  1000014  140  115  121  103  479
姚秦柏  1000015  138  225  144  109  616
鲁安郑  1000016  83  223  59  111  476
郑史卞  1000017  66  144  117  99  426
马孙何  1000018  74  100  139  95  408
李滕奚  1000019  54  289  78  115  536
沈施章  1000020  79  251  88  90  508
明孙皮  1000021  134  256  61  80  531
孙戚苗  1000022  63  108  61  118  350
酆苗元  1000023  99  176  91  126  492
戚何禹  1000024  71  157  104  96  428
费孟褚  1000025  76  191  95  118  480
米周蒋  1000026  114  295  123  100  632
褚杨秦  1000027  146  147  85  103  481
凤鲁潘  1000028  53  263  73  115  504
郝吴卜  1000029  137  121  129  133  520
花卜卞  1000030  95  207  126  130  558
毕章周  1000031  139  214  95  132  580
米鲍雷  1000032  85  209  51  81  426
张花鲁  1000033  72  152  83  85  392
滕郎章  1000034  57  206  65  89  417
康戴周  1000035  133  168  68  89  458
元伍茅  1000036  117  237  140  134  628
蒋计雷  1000037  61  179  92  108  440
沈王贝  1000038  133  178  54  88  453
潘何邬  1000039  117  112  95  104  428
郎魏潘  1000040  123  106  120  117  466
冯滕孔  1000041  73  196  142  131  542
陈尤乐  1000042  109  230  129  110  578
周黄戚  1000043  81  176  55  133  445
曹窦蒋  1000044  96  289  141  88  614
元郝吴  1000045  100  277  132  133  642
戴施华  1000046  73  183  54  106  416
祁禹章  1000047  63  112  79  110  364
云彭伏  1000048  66  118  72  121  377
陈贺严  1000049  52  242  138  86  518
华韩姜  1000050  125  223  105  114  567
邹鲍邬  1000051  53  269  120  115  557
毕臧费  1000052  136  103  66  87  392
汪俞鲍  1000053  109  296  96  132  633
贺姚惠  1000054  98  203  141  100  542
窦罗凤  1000055  111  163  65  113  452
卜惠皮  1000056  78  205  112  113  508
凤贺韩  1000057  111  190  118  132  551
茅郝彭  1000058  107  228  52  135  522
安祁邬  1000059  118  252  97  94  561
卞伏禹  1000060  110  230  71  91  502
张姚殷  1000061  101  246  148  131  626
邬罗庞  1000062  101  229  131  89  550
岑雷卜  1000063  109  185  60  104  458
窦褚计  1000064  141  272  137  99  649
毕李元  1000065  84  133  94  121  432
安邬鲍  1000066  129  276  58  90  553
彭伏黄  1000067  57  289  124  85  555
孙陈臧  1000068  52  255  119  121  547
宋卞王  1000069  99  181  66  90  436
马米范  1000070  89  269  83  93  534
庞廉罗  1000071  107  272  140  134  653
水何秦  1000072  61  298  116  125  600
鲍鲁曹  1000073  122  138  106  110  476
狄谢戚  1000074  98  217  70  126  511
茅姚陶  1000075  56  296  98  109  559
史汪陶  1000076  77  267  142  115  601
郝贺雷  1000077  123  275  123  136  657
祁孟卞  1000078  120  248  104  95  567
余谢杨  1000079  83  286  51  121  541
穆花米  1000080  141  115  73  117  446
毕郑赵  1000081  135  218  75  99  527
柳顾平  1000082  65  295  118  90  568
唐孙钱  1000083  139  114  94  92  439
李彭孟  1000084  140  201  75  105  521
窦褚汪  1000085  89  240  51  122  502
邹祁秦  1000086  108  203  113  87  511
郝贺卜  1000087  111  230  102  124  567
薛俞吕  1000088  58  281  116  102  557
伍谈任  1000089  118  259  79  138  594
沈孙禹  1000090  125  124  106  97  452
柏计戴  1000091  90  282  51  86  509
郑张奚  1000092  74  219  89  129  511
唐水窦  1000093  104  195  145  120  564
邬康常  1000094  148  114  56  131  449
酆李邹  1000095  121  182  137  82  522
许华鲁  1000096  78  230  100  118  526
邹郑时  1000097  131  127  58  109  425
明费酆  1000098  62  207  82  132  483
施米邹  1000099  94  137  138  85  454
谢吴茅  1000100  80  218  62  88  448
云毕倪  1000101  89  227  68  90  474
郎平方  1000102  76  225  140  119  560
毕张陶  1000103  109  216  102  131  558
花金华  1000104  93  293  137  113  636
蒋奚凤  1000105  118  165  103  90  476
张孟倪  1000106  84  292  134  136  646
方鲍孙  1000107  97  139  129  120  485
殷鲁彭  1000108  121  176  62  122  481
茅窦邵  1000109  112  171  62  90  435
伏汪俞  1000110  150  270  73  135  628
韦常尹  1000111  114  291  138  116  659
毛韩滕  1000112  121  180  121  138  560
魏谢乐  1000113  147  235  73  115  570
许禹秦  1000114  98  194  71  111  474
费岑苏  1000115  62  151  74  137  424
王吴陶  1000116  144  166  105  136  551
喻袁时  1000117  123  171  76  98  468
严邵昌  1000118  107  129  120  113  469
卞奚葛  1000119  129  116  98  134  477
谢康宋  1000120  58  172  85  139  454
计戴姚  1000121  66  164  70  130  430
喻鲁祁  1000122  101  130  107  130  468
陶唐袁  1000123  82  281  63  82  508
陈尤惠  1000124  61  105  137  117  420
时尤韦  1000125  101  192  128  117  538
明尹喻  1000126  97  177  73  110  457
汪沈伏  1000127  95  197  61  98  451
水鲁凤  1000128  143  135  121  119  518
酆赵鲁  1000129  123  171  137  135  566
尹任昌  1000130  71  293  73  115  552
窦吕柏  1000131  91  118  147  85  441
康谈郑  1000132  113  100  81  108  402
邵严昌  1000133  109  116  50  83  358
韦奚孟  1000134  66  131  101  101  399
滕湛计  1000135  95  241  62  123  521
俞杨唐  1000136  132  267  109  92  600
尹吕贺  1000137  133  214  52  103  502
皮毕成  1000138  103  119  118  94  434
方穆薛  1000139  52  136  105  117  410
伏严许  1000140  66  116  102  131  415
毛贝任  1000141  112  221  129  88  550
方孙周  1000142  145  127  56  104  432
齐卜毕  1000143  107  172  106  133  518
成明柏  1000144  150  280  73  137  640
陶茅孙  1000145  94  186  109  102  491
邹孙伏  1000146  90  228  116  98  532
汪马酆  1000147  83  272  102  99  556
施褚潘  1000148  50  109  89  99  347
施杨史  1000149  83  217  75  84  459
宋罗潘  1000150  125  103  97  136  461
成滕范  1000151  120  262  75  95  552
卞毕华  1000152  58  259  70  111  498
鲍李黄  1000153  100  222  50  134  506
魏孟计  1000154  119  238  88  99  544
褚陶傅  1000155  102  279  150  127  658
何韦柏  1000156  128  239  105  97  569
褚穆奚  1000157  108  297  61  101  567
章吴吕  1000158  54  263  89  112  518
柏禹谢  1000159  135  110  66  122  433
卜朱王  1000160  61  234  106  98  499
于康金  1000161  118  236  70  128  552
戴倪俞  1000162  115  243  84  123  565
滕周倪  1000163  56  245  100  138  539
魏邵贝  1000164  88  134  79  85  386
卞元葛  1000165  96  297  59  115  567
昌康卞  1000166  113  179  91  127  510
柏贝俞  1000167  59  131  50  107  347
苗柳贺  1000168  147  182  94  127  550
郝余韦  1000169  65  179  110  133  487
袁贝金  1000170  127  187  139  115  568
贺于殷  1000171  104  122  130  133  489
平范鲍  1000172  94  273  53  118  538
周喻俞  1000173  98  296  104  101  599
毛钱殷  1000174  58  214  119  80  471
计明俞  1000175  72  253  106  139  570
元贺余  1000176  116  113  71  101  401
茅吴郑  1000177  52  124  132  83  391
毛米何  1000178  138  107  149  133  527
袁贝尤  1000179  116  190  135  113  554
祁施廉  1000180  100  199  100  123  522
赵朱袁  1000181  90  147  100  91  428
毕费毛  1000182  69  189  149  83  490
尹戚苏  1000183  121  199  58  131  509
冯鲍和  1000184  64  267  77  102  510
和元严  1000185  117  283  60  107  567
郑严成  1000186  95  231  133  114  573
苏贺姚  1000187  77  293  55  103  528
鲁花严  1000188  60  225  88  126  499
倪雷宋  1000189  77  216  145  114  552
曹贝柳  1000190  76  120  93  91  380
马伏谢  1000191  80  101  74  104  359
米魏卞  1000192  82  123  74  126  405
孙柏齐  1000193  139  231  69  96  535
明毛姜  1000194  147  174  126  112  559
柳祁黄  1000195  57  107  60  103  327
殷尤毕  1000196  135  224  108  106  573
唐柏毛  1000197  97  263  54  96  510
元凤任  1000198  126  278  62  84  550
鲁何杨  1000199  112  154  133  102  501
陈花平  1000000  54  253  124  122  553
云朱戴  1000001  78  197  56  119  450
计施傅  1000002  129  145  97  114  485
窦计朱  1000003  145  281  56  135  617
滕明奚  1000004  51  268  74  130  523
昌平薛  1000005  94  159  89  135  477
和安褚  1000006  120  144  135  130  529
时米岑  1000007  68  258  77  89  492
蒋马花  1000008  84  233  57  87  461
成孙宋  1000009  95  178  72  113  458
米湛倪  1000010  119  128  54  134  435
傅秦何  1000011  117  232  55  136  540
冯卫何  1000012  128  142  63  80  413
湛谢许  1000013  89  271  66  102  528
施昌米  1000014  146  113  63  88  410
吴倪米  1000015  133  207  56  137  533
尤唐秦  1000016  129  226  141  82  578
褚尤祁  1000017  141  105  82  108  436
俞沈何  1000018  99  268  106  136  609
邬袁邵  1000019  63  128  88  98  377
姜康殷  1000020  53  183  67  86  389
韦周钱  1000021  103  260  56  118  537
郎华费  1000022  87  202  127  98  514
唐潘费  1000023  54  134  63  108  359
唐柏伍  1000024  105  215  103  102  525
严惠曹  1000025  92  258  101  124  575
水韦时  1000026  58  105  95  95  353
孔薛尹  1000027  69  136  102  114  421
岑沈郎  1000028  139  114  128  88  469
沈倪酆  1000029  140  120  137  86  483
朱云吕  1000030  53  214  96  132  495
陶任史  1000031  127  245  129  98  599
尤狄曹  1000032  100  149  51  92  392
韩柏花  1000033  76  260  78  95  509
宋尤花  1000034  129  252  54  81  516
郑祁昌  1000035  52  142  96  91  381
苏谢平  1000036  82  279  111  109  581
毛水沈  1000037  82  119  80  113  394
邹许严  1000038  52  231  129  83  495
茅韦皮  1000039  123  142  56  100  421
吕郑茅  1000040  123  285  120  90  618
臧王米  1000041  52  125  131  111  419
周薛时  1000042  150  134  144  133  561
奚冯喻  1000043  131  157  122  124  534
潘皮成  1000044  58  229  70  94  451
孔曹萧  1000045  129  269  103  83  584
奚华邬  1000046  79  151  104  133  467
茅谈惠  1000047  67  204  65  86  422
滕韩史  1000048  55  112  126  126  419
鲁奚时  1000049  98  126  111  81  416
祁齐茅  1000050  146  139  66  91  442
何常葛  1000051  126  211  64  99  500
贝邵苏  1000052  118  140  138  130  526
黄乐柳  1000053  84  238  119  119  560
赵袁杨  1000054  98  209  50  122  479
尹滕葛  1000055  87  186  77  101  451
姚苗穆  1000056  50  223  135  131  539
尹于罗  1000057  96  173  99  122  490
张郎顾  1000058  79  101  96  108  384
毕吕和  1000059  124  296  72  134  626
惠宋秦  1000060  117  174  135  131  557
费严汪  1000061  86  152  91  93  422
金庞周  1000062  119  253  89  110  571
昌平毕  1000063  130  113  105  109  457
袁袁花  1000064  104  174  141  136  555
姚尤贺  1000065  129  225  67  120  541
张庞顾  1000066  148  194  52  129  523
钱章陈  1000067  106  209  93  80  488
于赵萧  1000068  99  229  123  113  564
狄鲍茅  1000069  144  293  134  132  703
鲁郝吴  1000070  51  222  121  112  506
乐皮韩  1000071  127  271  102  130  630
酆韦施  1000072  60  129  133  123  445
昌雷明  1000073  98  240  60  96  494
郑乐乐  1000074  133  172  55  83  443
史马蒋  1000075  77  246  95  123  541
秦任齐  1000076  91  264  66  104  525
时滕施  1000077  130  219  76  90  515
顾郎惠  1000078  99  193  95  119  506
苗鲍陶  1000079  100  206  63  109  478
陈马孔  1000080  116  255  63  113  547
尹华郝  1000081  54  133  87  108  382
罗水王  1000082  82  219  72  134  507
禹平祁  1000083  109  206  102  105  522
吴郝陶  1000084  129  202  88  133  552
毕陈戚  1000085  69  207  108  133  517
任禹奚  1000086  79  188  140  129  536
钱常曹  1000087  51  104  60  110  325
傅计陶  1000088  103  122  146  85  456
施黄尤  1000089  53  251  140  92  536
庞穆苗  1000090  98  128  79  88  393
罗俞薛  1000091  116  220  100  105  541
吕周花  1000092  130  197  122  97  546
冯任严  1000093  76  145  89  114  424
鲍宋章  1000094  110  161  82  106  459
陶尤秦  1000095  149  133  135  97  514
萧卜皮  1000096  117  265  103  120  605
鲁祁赵  1000097  83  116  110  99  408
彭孟齐  1000098  85  100  121  130  436
俞孟昌  1000099  117  110  135  117  479
费苗彭  1000100  132  262  146  136  676
赵卞郑  1000101  86  128  94  130  438
孙殷尤  1000102  106  180  89  88  463
滕彭湛  1000103  96  135  73  112  416
祁顾施  1000104  100  299  100  124  623
尤计岑  1000105  111  227  75  97  510
华贺姜  1000106  107  293  63  87  550
苏蒋郎  1000107  75  169  101  120  465
华伍曹  1000108  132  137  103  121  493
宋邵常  1000109  76  277  106  124  583
窦邵殷  1000110  142  151  68  134  495
范华余  1000111  94  183  124  117  518
吕施陈  1000112  124  243  142  131  640
和朱茅  1000113  94  158  72  136  460
周严唐  1000114  60  131  117  118  426
唐秦蒋  1000115  127  274  83  123  607
孔柏俞  1000116  55  246  65  81  447
倪倪殷  1000117  124  290  148  110  672
时傅惠  1000118  71  147  111  95  424
钱滕殷  1000119  143  170  130  131  574
薛滕杨  1000120  61  219  125  107  512
褚章费  1000121  116  116  90  125  447
康郎余  1000122  70  241  92  99  502
杨姚毕  1000123  148  214  113  98  573
华成平  1000124  143  290  115  84  632
柏袁黄  1000125  83  230  62  82  457
凤昌施  1000126  80  101  125  127  433
葛倪滕  1000127  82  135  114  112  443
余倪吕  1000128  101  280  142  130  653
孟韦方  1000129  135  176  113  98  522
尤邵柳  1000130  88  108  117  86  399
萧苏乐  1000131  91  138  128  134  491
蒋安卫  1000132  145  179  90  84  498
张贺周  1000133  73  205  56  97  431
赵戴苏  1000134  52  255  90  139  536
齐吴郝  1000135  90  204  115  97  506
孙唐韩  1000136  114  274  107  113  608
伏薛俞  1000137  100  210  124  80  514
严罗戚  1000138  101  141  144  110  496
邵毛尹  1000139  81  261  100  91  533
成傅卜  1000140  63  181  82  131  457
俞和吴  1000141  91  127  59  139  416
严明蒋  1000142  90  222  137  107  556
孙金任  1000143  107  252  88  99  546
郝章臧  1000144  149  232  70  116  567
禹岑朱  1000145  136  256  100  120  612
黄雷郎  1000146  123  295  65  122  605
卜平赵  1000147  77  243  68  106  494
范孟庞  1000148  102  188  106  83  479
庞杨郝  1000149  123  121  78  112  434
卜鲍孔  1000150  83  194  75  125  477
狄卜奚  1000151  143  233  128  99  603
酆雷尹  1000152  71  169  140  138  518
戚薛雷  1000153  80  188  148  109  525
宋赵戴  1000154  54  272  50  139  515
孔曹穆  1000155  73  247  60  122  502
谢姜云  1000156  72  209  133  126  540
魏邵范  1000157  96  233  89  119  537
尹吕邹  1000158  77  120  59  105  361
常喻张  1000159  55  135  86  87  363
臧狄方  1000160  90  247  118  131  586
毛罗李  1000161  91  267  67  118  543
毕郎狄  1000162  65  122  145  119  451
湛贝秦  1000163  71  260  113  121  565
王苗秦  1000164  127  220  101  102  550
陈吕潘  1000165  50  218  115  139  522
昌尤李  1000166  83  104  74  105  366
潘殷岑  1000167  141  295  124  102  662
滕毕凤  1000168  87  285  107  124  603
雷倪伍  1000169  96  122  66  102  386
贺沈陈  1000170  147  162  98  118  525
戴卫计  1000171  76  133  143  137  489
平戚柏  1000172  120  163  106  132  521
姚伏谢  1000173  140  164  114  96  514
惠时黄  1000174  56  112  101  93  362
顾穆范  1000175  107  117  123  119  466
臧郑狄  1000176  75  298  129  136  638
彭穆萧  1000177  142  294  50  82  568
马傅史  1000178  83  126  127  110  446
明陶金  1000179  79  215  122  129  545
米汪潘  1000180  65  180  116  99  460
常吴尤  1000181  124  255  83  86  548
顾常鲁  1000182  62  115  135  82  394
杨惠伏  1000183  62  294  123  86  565
安范卜  1000184  103  170  86  130  489
乐时花  1000185  68  124  109  88  389
褚邬褚  1000186  68  275  143  122  608
方窦皮  1000187  111  160  108  136  515
庞华明  1000188  110  152  120  120  502
袁傅皮  1000189  141  123  129  110  503
彭郎袁  1000190  118  164  50  85  417
金安惠  1000191  140  114  85  133  472
皮严许  1000192  121  113  87  115  436
孟水尤  1000193  132  263  67  104  566
滕卜茅  1000194  126  260  143  88  617
花臧吕  1000195  112  111  121  119  463
苏鲁云  1000196  83  260  123  85  551
卞韩章  1000197  89  177  124  130  520
惠水汪  1000198  144  260  82  83  569
宋蒋水  1000199  125  215  113  127  580
